1186
887
976
1938
1542
1295
1404
1068
1329
1339
1144
1602
1289
1292
854
1832
886
1081
1431
1923
1768
902
1061
1436
1996
1935
1379
1085
2067
1199
410
1605
1344
1470
1103
1853
1729
712
1115
2047
1370
920
1041
1401
1604
1859
2119
1164
190
1609
1395
1534
1266
1809
1618
73
1125
1349
56
1971
919
5
990
1197
1915
1661
977
1501
2083
1845
95
165
1900
1672
261
867
4
1541
343
818
589
1639
1487
753
540
1453
1727
1761
102
1925
36
1980
596
1755
1948
1599
1665
1179
954
1448
1822
1360
1474
1193
1439
1381
1858
709
1002
1114
785
1594
1173
1854
979
723
1171
1587
124
463
1532
732
196
852
562
175
428
1156
1686
1268
1852
1697
1519
1279
572
1883
1256
1570
1036
812
1579
135
2019
473
2108
174
1872
1346
618
1211
1
1629
602
1933
1930
1241
1981
1343
375
865
1128
57
1644
2018
878
1782
88
338
1651
470
364
555
658
2115
764
863
89
965
161
1718
289
284
1350
987
1451
2076
883
1902
46
1780
630
1642
1270
130
670
1876
409
1711
1814
1094
1920
236
569
1293
648
160
1988
981
724
266
1674
830
129
27
651
508
1143
107
706
666
1262
2082
810
348
77
1473
606
1962
1660
54
169
1127
103
929
22
128
1950
355
816
582
2025
560
629
705
687
53
1050
649
1423
464
157
1720
140
1664
1791
132
861
1383
1577
43
1165
611
1465
579
715
1700
59
1096
466
44
869
554
133
79
551
173
1547
680
802
756
1689
335
826
1506
536
719
910
1030
563
321
433
55
117
412
451
1438
1815
1123
1972
694
1059
520
163
1309
1586
1615
1623
605
661
586
556
1204
64
1657
599
777
184
468
1636
442
71
485
1479
1624
459
1954
595
653
708
576
1762
642
1868
1983
1133
1784
1020
696
1507
571
699
549
950
645
403
430
880
1525
1022
10
1555
1559
39
439
462
45
904
443
2005
947
824
570
946
2085
1131
448
20
424
1759
1331
370
2042
1840
1236
2074
467
1535
1888
644
297
2011
1223
122
748
1940
260
1074
1521
1062
1878
1973
121
1965
1461
258
1162
1630
598
2103
254
1458
2120
2105
391
1825
620
1703
1014
320
2066
1533
1986
2038
584
603
369
1778
1889
187
2065
182
2056
612
827
930
2073
488
110
1953
1941
1571
615
17
2004
1851
401
1086
585
234
1428
1760
1987
740
561
1603
302
518
445
1744
19
783
454
663
1121
304
265
155
1363
498
1145
868
1958
767
1515
770
229
2102
550
358
1916
63
1513
1408
1378
26
432
25
725
294
761
1855
1037
1234
616
2111
251
1469
1374
948
1492
1468
559
1250
1673
811
382
809
75
1296
486
1991
496
728
1905
707
1823
962
1311
253
240
1903
1455
1652
1098
716
404
2071
194
324
1592
1522
1819
956
2003
1811
1132
1452
601
191
1619
1249
1274
1829
446
178
1066
1692
180
641
1946
417
650
91
558
784
1693
1597
347
2116
2086
98
1385
1008
1631
505
1757
711
1183
1033
414
877
2069
2121
1552
329
1613
1999
2051
40
1100
243
934
237
156
1044
1242
993
381
1742
499
325
655
1271
1913
2001
1675
643
139
796
1638
1906
1681
276
390
200
1095
1723
1153
315
397
322
449
1198
1895
411
151
624
2050
1754
718
1160
9
408
1017
533
1595
610
2062
1477
1927
822
108
87
1382
337
1218
1667
1682
283
1119
267
493
531
305
2052
1669
431
803
819
2006
754
817
1612
1412
1666
1627
713
1443
608
1485
998
1009
16
1736
152
1993
1974
787
1276
217
773
1538
2068
717
1226
1944
1937
373
1189
681
581
1406
1341
1976
500
1425
2101
683
2013
952
1676
678
2010
591
690
1846
791
2033
537
1551
1449
933
362
137
1834
2090
1705
1628
92
553
1989
1995
419
943
1865
567
1207
1136
989
604
763
1467
2024
1113
823
1537
1195
813
1576
2044
698
1158
244
636
1111
1756
1554
426
760
901
104
888
1317
480
420
924
588
48
2021
50
1721
730
1514
264
1640
545
366
1384
726
248
298
1149
1076
393
1770
1208
1048
1055
2089
928
744
1075
1670
1500
115
995
1788
1887
230
168
647
388
1575
278
99
1213
778
1409
772
2112
1491
953
640
209
2035
15
206
1899
1848
668
526
967
691
1655
478
2028
547
566
1926
1194
78
590
1116
638
2027
494
1734
434
287
542
1527
1668
1212
2058
502
1886
741
32
2098
565
1176
1698
222
557
573
2096
223
801
211
205
992
1028
734
429
766
534
685
406
114
632
525
475
736
398
623
407
158
1992
1769
1172
769
1765
659
167
286
458
1558
1450
676
1977
472
2080
968
1400
2040
795
2072
318
479
942
829
871
1617
578
885
379
607
460
1911
925
750
1139
702
2075
1702
1148
1108
418
1267
1874
738
1775
664
997
1090
1005
311
521
1847
1228
1498
170
577
524
1813
1835
564
309
1167
820
1505
1200
1943
1816
931
1281
440
1808
1735
674
380
2002
2007
1633
456
693
739
940
1952
1961
614
476
1777
991
1967
1006
2045
1462
444
941
733
1229
1625
66
866
28
673
1301
1806
1220
671
1007
1480
568
371
247
386
635
1201
2081
270
1025
532
1997
853
503
506
1494
1304
2061
1001
1978
847
985
1601
2063
2118
378
755
35
574
352
436
633
2064
1866
1921
1327
1335
1049
1818
704
805
1945
1027
677
1181
241
1684
1932
1019
1650
65
1606
1898
455
1225
490
1362
1000
1051
41
1282
1573
2099
1763
291
672
546
841
385
1683
290
221
1860
1794
1057
996
2109
1545
353
1764
1261
1931
141
356
1187
1994
438
984
249
504
395
908
2054
1245
592
1890
2094
306
771
1012
1323
394
1146
413
627
1857
154
815
1240
1035
789
1649
519
1614
657
1252
1416
2106
1716
1446
1138
951
961
637
1679
1163
2070
1873
1230
159
507
1790
1499
484
275
181
1743
1361
1621
1901
1392
1403
1063
198
1024
918
1029
204
425
1884
1238
684
1610
742
955
617
1150
1838
308
215
1297
722
1260
973
1939
1104
1833
1106
199
1928
1105
1837
552
1879
1708
837
775
1904
1810
1539
2041
963
1922
1518
367
1177
271
752
1045
1092
242
214
189
351
944
1709
731
626
360
450
575
535
307
1812
340
1641
42
1488
1457
2060
1203
697
1502
1298
1578
1209
282
593
625
874
926
759
2037
656
737
543
828
1303
1107
392
259
1795
1291
1984
2107
435
988
548
1875
1871
1779
333
609
1637
1405
1646
799
1590
862
2110
1377
1251
1415
701
1671
1894
203
1426
1175
183
452
1154
1326
969
512
1003
1715
416
808
936
226
1084
1496
1110
786
143
1910
326
1285
1258
256
945
1766
794
814
1299
2008
83
465
1957
2092
1897
1730
1322
669
272
1336
1460
1643
1546
1713
1654
1088
285
106
1320
1434
1447
1421
949
1140
1648
788
1058
202
357
1013
1544
1357
821
1168
1748
1850
1246
1192
1454
1283
1793
970
1135
1287
1386
831
303
1680
1598
516
492
1549
523
710
858
1239
937
957
2088
935
1934
84
1185
483
1231
1325
682
838
1767
252
186
1290
423
323
334
1861
421
1585
1827
1332
510
1233
1786
1497
2036
497
1021
328
327
1097
1277
689
1419
793
583
1004
262
1520
511
263
279
197
345
281
491
1043
894
2032
2030
1798
1348
1565
1659
1805
1456
2034
1678
833
1503
1611
515
1862
972
1632
1687
1182
2015
2031
1157
1286
299
1785
1482
797
912
2059
517
1841
295
1126
1288
1528
654
587
1410
1191
1908
1118
336
1244
1596
1235
2104
1475
1771
1877
1741
1117
1548
1508
109
1124
1836
528
898
74
1828
1776
1826
1352
1169
1232
1685
2039
782
1998
210
2009
1581
800
1588
529
1355
1365
2048
1924
427
1073
1440
1869
501
415
405
1247
1963
146
1792
1966
231
2043
296
2087
1695
112
1314
1773
798
1568
207
225
792
1112
1882
1407
293
1753
2079
1210
1690
1797
749
1184
1483
255
120
1141
1653
1600
1964
396
1306
1914
1647
1087
514
1783
1445
300
1077
208
1801
746
667
686
1919
1070
2012
1010
344
1863
1719
268
2097
374
1504
330
1166
513
916
600
1064
846
1892
675
1749
1072
1509
665
227
751
1481
1476
1324
1569
2084
1789
1337
959
1101
1524
1129
745
714
269
660
127
1733
1864
216
980
1417
1376
72
1751
1026
30
1622
233
461
1574
447
1427
983
2020
807
978
1918
1802
195
2049
1530
188
238
1358
1896
402
218
2057
1430
1205
1583
729
314
2055
354
212
257
193
727
1949
1180
1257
1302
1750
1272
1663
1842
1739
1464
906
1161
1032
2026
966
1345
1990
1338
1442
662
487
2023
1662
762
441
1142
376
1867
1493
580
1224
1804
1429
1441
619
1388
245
1190
975
1275
2029
2114
964
825
1495
1372
1951
2078
310
1556
342
389
1321
1844
1387
384
634
774
301
1102
1354
1526
365
845
1137
1722
288
1459
735
1042
594
235
1413
1215
2017
1959
1584
185
913
1031
804
1368
1147
1880
457
2014
481
274
361
1891
1843
539
1371
1707
851
1248
219
422
1463
2100
24
232
1645
1364
2113
2016
1333
118
679
1758
1536
1561
1936
522
1635
368
923
377
897
1626
703
1082
250
1078
1170
1969
544
1907
1130
1393
1056
2095
835
747
1396
855
1831
145
1688
477
192
1394
921
1580
1089
1159
622
848
1800
1278
1237
1909
1444
1942
1071
437
1553
982
1318
1985
363
917
781
1053
613
849
489
875
341
779
1079
842
541
359
383
1418
387
220
1466
1067
1255
1353
1217
1699
889
806
1772
2093
832
882
994
1787
277
1227
47
1122
13
1280
1038
332
720
1591
1824
213
1120
2077
1264
1979
1284
273
631
495
743
119
1608
1517
1572
1312
960
60
1294
896
1016
914
1093
349
0
1109
1677
1202
628
1065
372
1560
2000
1254
317
1550
1803
1174
316
471
101
1155
2022
1710
1717
1566
909
482
1253
474
1656
1968
1856
893
138
1263
1319
1704
958
1484
1373
857
319
700
1523
1616
1151
870
1478
1562
915
1243
1490
85
1691
176
1830
1069
1367
780
280
179
527
1658
1917
1929
688
1015
905
2
1634
971
1516
1328
986
1216
1052
1083
1300
1369
1206
1315
1511
1706
1489
1334
1975
1557
907
721
1589
892
38
884
1018
891
1080
33
86
1540
652
126
1607
758
1046
1563
1351
346
876
1752
1391
597
1870
2117
97
1817
94
1214
1512
1308
1893
1543
1472
1486
1564
37
1531
509
18
1740
1399
1821
1433
1437
873
839
879
1091
1178
1390
1402
1221
621
1265
1738
82
80
2091
3
1134
1366
400
350
1714
147
1820
1781
23
843
1414
1724
1380
895
149
1342
1955
1694
1099
111
2053
105
201
1849
1375
1567
1807
1047
68
1313
469
757
1340
312
1432
1397
856
1982
1347
1582
1330
1885
859
1011
2046
932
1956
1040
922
1701
646
1796
8
313
1424
21
134
900
1881
246
142
1732
1731
974
538
1219
692
292
768
113
1411
1023
6
639
890
927
1259
11
1712
840
12
1510
939
93
1593
1316
150
224
881
31
171
695
1746
1305
1960
776
51
1529
1039
7
1398
144
96
61
1947
1269
1034
1310
1389
864
125
70
1728
1422
1774
1799
239
850
903
999
836
530
1726
1359
177
116
1745
1471
399
14
1912
834
136
1737
860
1188
34
131
162
1435
1420
1273
872
844
899
123
911
164
1054
148
790
339
29
1307
1620
100
1356
67
1222
331
52
1060
1152
62
1196
1725
69
153
1696
172
453
1747
81
90
1839
938
58
49
228
166
76
765
1970
